day,time,state,count
2023-03-04,00:00:00,AtHome,751
2023-03-04,00:00:00,Transport,108
2023-03-04,00:00:00,AtRecreation,21
2023-03-04,00:00:00,AtRestaurant,0
2023-03-04,00:00:00,AtWork,0
2023-03-04,00:05:00,AtHome,753
2023-03-04,00:05:00,Transport,101
2023-03-04,00:05:00,AtRecreation,19
2023-03-04,00:05:00,AtRestaurant,7
2023-03-04,00:05:00,AtWork,0
2023-03-04,00:10:00,AtHome,760
2023-03-04,00:10:00,Transport,84
2023-03-04,00:10:00,AtRecreation,21
2023-03-04,00:10:00,AtRestaurant,15
2023-03-04,00:10:00,AtWork,0
2023-03-04,00:15:00,AtHome,766
2023-03-04,00:15:00,Transport,82
2023-03-04,00:15:00,AtRecreation,17
2023-03-04,00:15:00,AtRestaurant,15
2023-03-04,00:15:00,AtWork,0
2023-03-04,00:20:00,AtHome,774
2023-03-04,00:20:00,Transport,76
2023-03-04,00:20:00,AtRecreation,19
2023-03-04,00:20:00,AtRestaurant,11
2023-03-04,00:20:00,AtWork,0
2023-03-04,00:25:00,AtHome,788
2023-03-04,00:25:00,Transport,64
2023-03-04,00:25:00,AtRecreation,18
2023-03-04,00:25:00,AtRestaurant,10
2023-03-04,00:25:00,AtWork,0
2023-03-04,00:30:00,AtHome,800
2023-03-04,00:30:00,Transport,56
2023-03-04,00:30:00,AtRecreation,21
2023-03-04,00:30:00,AtRestaurant,3
2023-03-04,00:30:00,AtWork,0
2023-03-04,00:35:00,AtHome,805
2023-03-04,00:35:00,Transport,51
2023-03-04,00:35:00,AtRecreation,17
2023-03-04,00:35:00,AtRestaurant,7
2023-03-04,00:35:00,AtWork,0
2023-03-04,00:40:00,AtHome,816
2023-03-04,00:40:00,Transport,51
2023-03-04,00:40:00,AtRecreation,9
2023-03-04,00:40:00,AtRestaurant,4
2023-03-04,00:40:00,AtWork,0
2023-03-04,00:45:00,AtHome,823
2023-03-04,00:45:00,Transport,46
2023-03-04,00:45:00,AtRecreation,9
2023-03-04,00:45:00,AtRestaurant,2
2023-03-04,00:45:00,AtWork,0
2023-03-04,00:50:00,AtHome,826
2023-03-04,00:50:00,Transport,46
2023-03-04,00:50:00,AtRecreation,6
2023-03-04,00:50:00,AtRestaurant,2
2023-03-04,00:50:00,AtWork,0
2023-03-04,00:55:00,AtHome,832
2023-03-04,00:55:00,Transport,44
2023-03-04,00:55:00,AtRecreation,4
2023-03-04,00:55:00,AtRestaurant,0
2023-03-04,00:55:00,AtWork,0
2023-03-04,01:00:00,AtHome,842
2023-03-04,01:00:00,Transport,33
2023-03-04,01:00:00,AtRecreation,4
2023-03-04,01:00:00,AtRestaurant,1
2023-03-04,01:00:00,AtWork,0
2023-03-04,01:05:00,AtHome,850
2023-03-04,01:05:00,Transport,24
2023-03-04,01:05:00,AtRecreation,6
2023-03-04,01:05:00,AtRestaurant,0
2023-03-04,01:05:00,AtWork,0
2023-03-04,01:10:00,AtHome,854
2023-03-04,01:10:00,Transport,23
2023-03-04,01:10:00,AtRecreation,3
2023-03-04,01:10:00,AtRestaurant,0
2023-03-04,01:10:00,AtWork,0
2023-03-04,01:15:00,AtHome,860
2023-03-04,01:15:00,Transport,18
2023-03-04,01:15:00,AtRecreation,2
2023-03-04,01:15:00,AtRestaurant,0
2023-03-04,01:15:00,AtWork,0
2023-03-04,01:20:00,AtHome,863
2023-03-04,01:20:00,Transport,16
2023-03-04,01:20:00,AtRecreation,1
2023-03-04,01:20:00,AtRestaurant,0
2023-03-04,01:20:00,AtWork,0
2023-03-04,01:25:00,AtHome,863
2023-03-04,01:25:00,Transport,16
2023-03-04,01:25:00,AtRecreation,1
2023-03-04,01:25:00,AtRestaurant,0
2023-03-04,01:25:00,AtWork,0
2023-03-04,01:30:00,AtHome,868
2023-03-04,01:30:00,Transport,11
2023-03-04,01:30:00,AtRecreation,1
2023-03-04,01:30:00,AtRestaurant,0
2023-03-04,01:30:00,AtWork,0
2023-03-04,01:35:00,AtHome,868
2023-03-04,01:35:00,Transport,11
2023-03-04,01:35:00,AtRecreation,1
2023-03-04,01:35:00,AtRestaurant,0
2023-03-04,01:35:00,AtWork,0
2023-03-04,01:40:00,AtHome,869
2023-03-04,01:40:00,Transport,11
2023-03-04,01:40:00,AtRecreation,0
2023-03-04,01:40:00,AtRestaurant,0
2023-03-04,01:40:00,AtWork,0
2023-03-04,01:45:00,AtHome,871
2023-03-04,01:45:00,Transport,9
2023-03-04,01:45:00,AtRecreation,0
2023-03-04,01:45:00,AtRestaurant,0
2023-03-04,01:45:00,AtWork,0
2023-03-04,01:50:00,AtHome,871
2023-03-04,01:50:00,Transport,9
2023-03-04,01:50:00,AtRecreation,0
2023-03-04,01:50:00,AtRestaurant,0
2023-03-04,01:50:00,AtWork,0
2023-03-04,01:55:00,AtHome,871
2023-03-04,01:55:00,Transport,9
2023-03-04,01:55:00,AtRecreation,0
2023-03-04,01:55:00,AtRestaurant,0
2023-03-04,01:55:00,AtWork,0
2023-03-04,02:00:00,AtHome,872
2023-03-04,02:00:00,Transport,8
2023-03-04,02:00:00,AtRecreation,0
2023-03-04,02:00:00,AtRestaurant,0
2023-03-04,02:00:00,AtWork,0
2023-03-04,02:05:00,AtHome,872
2023-03-04,02:05:00,Transport,8
2023-03-04,02:05:00,AtRecreation,0
2023-03-04,02:05:00,AtRestaurant,0
2023-03-04,02:05:00,AtWork,0
2023-03-04,02:10:00,AtHome,874
2023-03-04,02:10:00,Transport,6
2023-03-04,02:10:00,AtRecreation,0
2023-03-04,02:10:00,AtRestaurant,0
2023-03-04,02:10:00,AtWork,0
2023-03-04,02:15:00,AtHome,875
2023-03-04,02:15:00,Transport,5
2023-03-04,02:15:00,AtRecreation,0
2023-03-04,02:15:00,AtRestaurant,0
2023-03-04,02:15:00,AtWork,0
2023-03-04,02:20:00,AtHome,875
2023-03-04,02:20:00,Transport,5
2023-03-04,02:20:00,AtRecreation,0
2023-03-04,02:20:00,AtRestaurant,0
2023-03-04,02:20:00,AtWork,0
2023-03-04,02:25:00,AtHome,876
2023-03-04,02:25:00,Transport,4
2023-03-04,02:25:00,AtRecreation,0
2023-03-04,02:25:00,AtRestaurant,0
2023-03-04,02:25:00,AtWork,0
2023-03-04,02:30:00,AtHome,876
2023-03-04,02:30:00,Transport,4
2023-03-04,02:30:00,AtRecreation,0
2023-03-04,02:30:00,AtRestaurant,0
2023-03-04,02:30:00,AtWork,0
2023-03-04,02:35:00,AtHome,876
2023-03-04,02:35:00,Transport,4
2023-03-04,02:35:00,AtRecreation,0
2023-03-04,02:35:00,AtRestaurant,0
2023-03-04,02:35:00,AtWork,0
2023-03-04,02:40:00,AtHome,876
2023-03-04,02:40:00,Transport,4
2023-03-04,02:40:00,AtRecreation,0
2023-03-04,02:40:00,AtRestaurant,0
2023-03-04,02:40:00,AtWork,0
2023-03-04,02:45:00,AtHome,877
2023-03-04,02:45:00,Transport,3
2023-03-04,02:45:00,AtRecreation,0
2023-03-04,02:45:00,AtRestaurant,0
2023-03-04,02:45:00,AtWork,0
2023-03-04,02:50:00,AtHome,877
2023-03-04,02:50:00,Transport,3
2023-03-04,02:50:00,AtRecreation,0
2023-03-04,02:50:00,AtRestaurant,0
2023-03-04,02:50:00,AtWork,0
2023-03-04,02:55:00,AtHome,878
2023-03-04,02:55:00,Transport,2
2023-03-04,02:55:00,AtRecreation,0
2023-03-04,02:55:00,AtRestaurant,0
2023-03-04,02:55:00,AtWork,0
2023-03-04,03:00:00,AtHome,879
2023-03-04,03:00:00,Transport,1
2023-03-04,03:00:00,AtRecreation,0
2023-03-04,03:00:00,AtRestaurant,0
2023-03-04,03:00:00,AtWork,0
2023-03-04,03:05:00,AtHome,879
2023-03-04,03:05:00,Transport,1
2023-03-04,03:05:00,AtRecreation,0
2023-03-04,03:05:00,AtRestaurant,0
2023-03-04,03:05:00,AtWork,0
2023-03-04,03:10:00,AtHome,879
2023-03-04,03:10:00,Transport,1
2023-03-04,03:10:00,AtRecreation,0
2023-03-04,03:10:00,AtRestaurant,0
2023-03-04,03:10:00,AtWork,0
2023-03-04,03:15:00,AtHome,880
2023-03-04,03:15:00,Transport,0
2023-03-04,03:15:00,AtRecreation,0
2023-03-04,03:15:00,AtRestaurant,0
2023-03-04,03:15:00,AtWork,0
2023-03-04,03:20:00,AtHome,880
2023-03-04,03:20:00,Transport,0
2023-03-04,03:20:00,AtRecreation,0
2023-03-04,03:20:00,AtRestaurant,0
2023-03-04,03:20:00,AtWork,0
2023-03-04,03:25:00,AtHome,880
2023-03-04,03:25:00,Transport,0
2023-03-04,03:25:00,AtRecreation,0
2023-03-04,03:25:00,AtRestaurant,0
2023-03-04,03:25:00,AtWork,0
2023-03-04,03:30:00,AtHome,880
2023-03-04,03:30:00,Transport,0
2023-03-04,03:30:00,AtRecreation,0
2023-03-04,03:30:00,AtRestaurant,0
2023-03-04,03:30:00,AtWork,0
2023-03-04,03:35:00,AtHome,880
2023-03-04,03:35:00,Transport,0
2023-03-04,03:35:00,AtRecreation,0
2023-03-04,03:35:00,AtRestaurant,0
2023-03-04,03:35:00,AtWork,0
2023-03-04,03:40:00,AtHome,880
2023-03-04,03:40:00,Transport,0
2023-03-04,03:40:00,AtRecreation,0
2023-03-04,03:40:00,AtRestaurant,0
2023-03-04,03:40:00,AtWork,0
2023-03-04,03:45:00,AtHome,880
2023-03-04,03:45:00,Transport,0
2023-03-04,03:45:00,AtRecreation,0
2023-03-04,03:45:00,AtRestaurant,0
2023-03-04,03:45:00,AtWork,0
2023-03-04,03:50:00,AtHome,880
2023-03-04,03:50:00,Transport,0
2023-03-04,03:50:00,AtRecreation,0
2023-03-04,03:50:00,AtRestaurant,0
2023-03-04,03:50:00,AtWork,0
2023-03-04,03:55:00,AtHome,880
2023-03-04,03:55:00,Transport,0
2023-03-04,03:55:00,AtRecreation,0
2023-03-04,03:55:00,AtRestaurant,0
2023-03-04,03:55:00,AtWork,0
2023-03-04,04:00:00,AtHome,880
2023-03-04,04:00:00,Transport,0
2023-03-04,04:00:00,AtRecreation,0
2023-03-04,04:00:00,AtRestaurant,0
2023-03-04,04:00:00,AtWork,0
2023-03-04,04:05:00,AtHome,880
2023-03-04,04:05:00,Transport,0
2023-03-04,04:05:00,AtRecreation,0
2023-03-04,04:05:00,AtRestaurant,0
2023-03-04,04:05:00,AtWork,0
2023-03-04,04:10:00,AtHome,880
2023-03-04,04:10:00,Transport,0
2023-03-04,04:10:00,AtRecreation,0
2023-03-04,04:10:00,AtRestaurant,0
2023-03-04,04:10:00,AtWork,0
2023-03-04,04:15:00,AtHome,880
2023-03-04,04:15:00,Transport,0
2023-03-04,04:15:00,AtRecreation,0
2023-03-04,04:15:00,AtRestaurant,0
2023-03-04,04:15:00,AtWork,0
2023-03-04,04:20:00,AtHome,880
2023-03-04,04:20:00,Transport,0
2023-03-04,04:20:00,AtRecreation,0
2023-03-04,04:20:00,AtRestaurant,0
2023-03-04,04:20:00,AtWork,0
2023-03-04,04:25:00,AtHome,880
2023-03-04,04:25:00,Transport,0
2023-03-04,04:25:00,AtRecreation,0
2023-03-04,04:25:00,AtRestaurant,0
2023-03-04,04:25:00,AtWork,0
2023-03-04,04:30:00,AtHome,880
2023-03-04,04:30:00,Transport,0
2023-03-04,04:30:00,AtRecreation,0
2023-03-04,04:30:00,AtRestaurant,0
2023-03-04,04:30:00,AtWork,0
2023-03-04,04:35:00,AtHome,880
2023-03-04,04:35:00,Transport,0
2023-03-04,04:35:00,AtRecreation,0
2023-03-04,04:35:00,AtRestaurant,0
2023-03-04,04:35:00,AtWork,0
2023-03-04,04:40:00,AtHome,880
2023-03-04,04:40:00,Transport,0
2023-03-04,04:40:00,AtRecreation,0
2023-03-04,04:40:00,AtRestaurant,0
2023-03-04,04:40:00,AtWork,0
2023-03-04,04:45:00,AtHome,880
2023-03-04,04:45:00,Transport,0
2023-03-04,04:45:00,AtRecreation,0
2023-03-04,04:45:00,AtRestaurant,0
2023-03-04,04:45:00,AtWork,0
2023-03-04,04:50:00,AtHome,879
2023-03-04,04:50:00,Transport,1
2023-03-04,04:50:00,AtRecreation,0
2023-03-04,04:50:00,AtRestaurant,0
2023-03-04,04:50:00,AtWork,0
2023-03-04,04:55:00,AtHome,879
2023-03-04,04:55:00,Transport,1
2023-03-04,04:55:00,AtRecreation,0
2023-03-04,04:55:00,AtRestaurant,0
2023-03-04,04:55:00,AtWork,0
2023-03-04,05:00:00,AtHome,878
2023-03-04,05:00:00,Transport,2
2023-03-04,05:00:00,AtRecreation,0
2023-03-04,05:00:00,AtRestaurant,0
2023-03-04,05:00:00,AtWork,0
2023-03-04,05:05:00,AtHome,878
2023-03-04,05:05:00,Transport,2
2023-03-04,05:05:00,AtRecreation,0
2023-03-04,05:05:00,AtRestaurant,0
2023-03-04,05:05:00,AtWork,0
2023-03-04,05:10:00,AtHome,877
2023-03-04,05:10:00,Transport,3
2023-03-04,05:10:00,AtRecreation,0
2023-03-04,05:10:00,AtRestaurant,0
2023-03-04,05:10:00,AtWork,0
2023-03-04,05:15:00,AtHome,875
2023-03-04,05:15:00,Transport,5
2023-03-04,05:15:00,AtRecreation,0
2023-03-04,05:15:00,AtRestaurant,0
2023-03-04,05:15:00,AtWork,0
2023-03-04,05:20:00,AtHome,873
2023-03-04,05:20:00,Transport,5
2023-03-04,05:20:00,AtRecreation,0
2023-03-04,05:20:00,AtRestaurant,2
2023-03-04,05:20:00,AtWork,0
2023-03-04,05:25:00,AtHome,872
2023-03-04,05:25:00,Transport,6
2023-03-04,05:25:00,AtRecreation,0
2023-03-04,05:25:00,AtRestaurant,2
2023-03-04,05:25:00,AtWork,0
2023-03-04,05:30:00,AtHome,868
2023-03-04,05:30:00,Transport,10
2023-03-04,05:30:00,AtRecreation,0
2023-03-04,05:30:00,AtRestaurant,2
2023-03-04,05:30:00,AtWork,0
2023-03-04,05:35:00,AtHome,867
2023-03-04,05:35:00,Transport,9
2023-03-04,05:35:00,AtRecreation,0
2023-03-04,05:35:00,AtRestaurant,4
2023-03-04,05:35:00,AtWork,0
2023-03-04,05:40:00,AtHome,863
2023-03-04,05:40:00,Transport,14
2023-03-04,05:40:00,AtRecreation,1
2023-03-04,05:40:00,AtRestaurant,2
2023-03-04,05:40:00,AtWork,0
2023-03-04,05:45:00,AtHome,858
2023-03-04,05:45:00,Transport,18
2023-03-04,05:45:00,AtRecreation,1
2023-03-04,05:45:00,AtRestaurant,3
2023-03-04,05:45:00,AtWork,0
2023-03-04,05:50:00,AtHome,853
2023-03-04,05:50:00,Transport,19
2023-03-04,05:50:00,AtRecreation,2
2023-03-04,05:50:00,AtRestaurant,6
2023-03-04,05:50:00,AtWork,0
2023-03-04,05:55:00,AtHome,846
2023-03-04,05:55:00,Transport,26
2023-03-04,05:55:00,AtRecreation,2
2023-03-04,05:55:00,AtRestaurant,6
2023-03-04,05:55:00,AtWork,0
2023-03-04,06:00:00,AtHome,846
2023-03-04,06:00:00,Transport,24
2023-03-04,06:00:00,AtRecreation,2
2023-03-04,06:00:00,AtRestaurant,8
2023-03-04,06:00:00,AtWork,0
2023-03-04,06:05:00,AtHome,839
2023-03-04,06:05:00,Transport,25
2023-03-04,06:05:00,AtRecreation,3
2023-03-04,06:05:00,AtRestaurant,13
2023-03-04,06:05:00,AtWork,0
2023-03-04,06:10:00,AtHome,833
2023-03-04,06:10:00,Transport,33
2023-03-04,06:10:00,AtRecreation,4
2023-03-04,06:10:00,AtRestaurant,10
2023-03-04,06:10:00,AtWork,0
2023-03-04,06:15:00,AtHome,823
2023-03-04,06:15:00,Transport,39
2023-03-04,06:15:00,AtRecreation,5
2023-03-04,06:15:00,AtRestaurant,13
2023-03-04,06:15:00,AtWork,0
2023-03-04,06:20:00,AtHome,812
2023-03-04,06:20:00,Transport,50
2023-03-04,06:20:00,AtRecreation,6
2023-03-04,06:20:00,AtRestaurant,12
2023-03-04,06:20:00,AtWork,0
2023-03-04,06:25:00,AtHome,799
2023-03-04,06:25:00,Transport,58
2023-03-04,06:25:00,AtRecreation,8
2023-03-04,06:25:00,AtRestaurant,15
2023-03-04,06:25:00,AtWork,0
2023-03-04,06:30:00,AtHome,789
2023-03-04,06:30:00,Transport,61
2023-03-04,06:30:00,AtRecreation,8
2023-03-04,06:30:00,AtRestaurant,22
2023-03-04,06:30:00,AtWork,0
2023-03-04,06:35:00,AtHome,769
2023-03-04,06:35:00,Transport,79
2023-03-04,06:35:00,AtRecreation,8
2023-03-04,06:35:00,AtRestaurant,24
2023-03-04,06:35:00,AtWork,0
2023-03-04,06:40:00,AtHome,755
2023-03-04,06:40:00,Transport,84
2023-03-04,06:40:00,AtRecreation,9
2023-03-04,06:40:00,AtRestaurant,32
2023-03-04,06:40:00,AtWork,0
2023-03-04,06:45:00,AtHome,736
2023-03-04,06:45:00,Transport,102
2023-03-04,06:45:00,AtRecreation,9
2023-03-04,06:45:00,AtRestaurant,33
2023-03-04,06:45:00,AtWork,0
2023-03-04,06:50:00,AtHome,721
2023-03-04,06:50:00,Transport,108
2023-03-04,06:50:00,AtRecreation,15
2023-03-04,06:50:00,AtRestaurant,36
2023-03-04,06:50:00,AtWork,0
2023-03-04,06:55:00,AtHome,710
2023-03-04,06:55:00,Transport,110
2023-03-04,06:55:00,AtRecreation,17
2023-03-04,06:55:00,AtRestaurant,43
2023-03-04,06:55:00,AtWork,0
2023-03-04,07:00:00,AtHome,692
2023-03-04,07:00:00,Transport,119
2023-03-04,07:00:00,AtRecreation,20
2023-03-04,07:00:00,AtRestaurant,49
2023-03-04,07:00:00,AtWork,0
2023-03-04,07:05:00,AtHome,677
2023-03-04,07:05:00,Transport,123
2023-03-04,07:05:00,AtRecreation,21
2023-03-04,07:05:00,AtRestaurant,52
2023-03-04,07:05:00,AtWork,7
2023-03-04,07:10:00,AtHome,659
2023-03-04,07:10:00,Transport,127
2023-03-04,07:10:00,AtRecreation,26
2023-03-04,07:10:00,AtRestaurant,58
2023-03-04,07:10:00,AtWork,10
2023-03-04,07:15:00,AtHome,643
2023-03-04,07:15:00,Transport,138
2023-03-04,07:15:00,AtRecreation,31
2023-03-04,07:15:00,AtRestaurant,54
2023-03-04,07:15:00,AtWork,14
2023-03-04,07:20:00,AtHome,629
2023-03-04,07:20:00,Transport,150
2023-03-04,07:20:00,AtRecreation,35
2023-03-04,07:20:00,AtRestaurant,49
2023-03-04,07:20:00,AtWork,17
2023-03-04,07:25:00,AtHome,611
2023-03-04,07:25:00,Transport,151
2023-03-04,07:25:00,AtRecreation,39
2023-03-04,07:25:00,AtRestaurant,58
2023-03-04,07:25:00,AtWork,21
2023-03-04,07:30:00,AtHome,602
2023-03-04,07:30:00,Transport,154
2023-03-04,07:30:00,AtRecreation,43
2023-03-04,07:30:00,AtRestaurant,55
2023-03-04,07:30:00,AtWork,26
2023-03-04,07:35:00,AtHome,598
2023-03-04,07:35:00,Transport,141
2023-03-04,07:35:00,AtRecreation,46
2023-03-04,07:35:00,AtRestaurant,65
2023-03-04,07:35:00,AtWork,30
2023-03-04,07:40:00,AtHome,585
2023-03-04,07:40:00,Transport,151
2023-03-04,07:40:00,AtRecreation,47
2023-03-04,07:40:00,AtRestaurant,65
2023-03-04,07:40:00,AtWork,32
2023-03-04,07:45:00,AtHome,569
2023-03-04,07:45:00,Transport,163
2023-03-04,07:45:00,AtRecreation,55
2023-03-04,07:45:00,AtRestaurant,57
2023-03-04,07:45:00,AtWork,36
2023-03-04,07:50:00,AtHome,562
2023-03-04,07:50:00,Transport,147
2023-03-04,07:50:00,AtRecreation,67
2023-03-04,07:50:00,AtRestaurant,63
2023-03-04,07:50:00,AtWork,41
2023-03-04,07:55:00,AtHome,554
2023-03-04,07:55:00,Transport,148
2023-03-04,07:55:00,AtRecreation,72
2023-03-04,07:55:00,AtRestaurant,60
2023-03-04,07:55:00,AtWork,46
2023-03-04,08:00:00,AtHome,546
2023-03-04,08:00:00,Transport,146
2023-03-04,08:00:00,AtRecreation,81
2023-03-04,08:00:00,AtRestaurant,57
2023-03-04,08:00:00,AtWork,50
2023-03-04,08:05:00,AtHome,535
2023-03-04,08:05:00,Transport,150
2023-03-04,08:05:00,AtRecreation,85
2023-03-04,08:05:00,AtRestaurant,53
2023-03-04,08:05:00,AtWork,57
2023-03-04,08:10:00,AtHome,528
2023-03-04,08:10:00,Transport,154
2023-03-04,08:10:00,AtRecreation,90
2023-03-04,08:10:00,AtRestaurant,47
2023-03-04,08:10:00,AtWork,61
2023-03-04,08:15:00,AtHome,533
2023-03-04,08:15:00,Transport,140
2023-03-04,08:15:00,AtRecreation,94
2023-03-04,08:15:00,AtRestaurant,45
2023-03-04,08:15:00,AtWork,68
2023-03-04,08:20:00,AtHome,535
2023-03-04,08:20:00,Transport,127
2023-03-04,08:20:00,AtRecreation,97
2023-03-04,08:20:00,AtRestaurant,46
2023-03-04,08:20:00,AtWork,75
2023-03-04,08:25:00,AtHome,538
2023-03-04,08:25:00,Transport,114
2023-03-04,08:25:00,AtRecreation,103
2023-03-04,08:25:00,AtRestaurant,47
2023-03-04,08:25:00,AtWork,78
2023-03-04,08:30:00,AtHome,535
2023-03-04,08:30:00,Transport,119
2023-03-04,08:30:00,AtRecreation,106
2023-03-04,08:30:00,AtRestaurant,40
2023-03-04,08:30:00,AtWork,80
2023-03-04,08:35:00,AtHome,536
2023-03-04,08:35:00,Transport,111
2023-03-04,08:35:00,AtRecreation,114
2023-03-04,08:35:00,AtRestaurant,33
2023-03-04,08:35:00,AtWork,86
2023-03-04,08:40:00,AtHome,536
2023-03-04,08:40:00,Transport,103
2023-03-04,08:40:00,AtRecreation,118
2023-03-04,08:40:00,AtRestaurant,33
2023-03-04,08:40:00,AtWork,90
2023-03-04,08:45:00,AtHome,538
2023-03-04,08:45:00,Transport,95
2023-03-04,08:45:00,AtRecreation,122
2023-03-04,08:45:00,AtRestaurant,31
2023-03-04,08:45:00,AtWork,94
2023-03-04,08:50:00,AtHome,550
2023-03-04,08:50:00,Transport,80
2023-03-04,08:50:00,AtRecreation,126
2023-03-04,08:50:00,AtRestaurant,25
2023-03-04,08:50:00,AtWork,99
2023-03-04,08:55:00,AtHome,547
2023-03-04,08:55:00,Transport,81
2023-03-04,08:55:00,AtRecreation,126
2023-03-04,08:55:00,AtRestaurant,22
2023-03-04,08:55:00,AtWork,104
2023-03-04,09:00:00,AtHome,560
2023-03-04,09:00:00,Transport,75
2023-03-04,09:00:00,AtRecreation,124
2023-03-04,09:00:00,AtRestaurant,15
2023-03-04,09:00:00,AtWork,106
2023-03-04,09:05:00,AtHome,569
2023-03-04,09:05:00,Transport,77
2023-03-04,09:05:00,AtRecreation,122
2023-03-04,09:05:00,AtRestaurant,6
2023-03-04,09:05:00,AtWork,106
2023-03-04,09:10:00,AtHome,569
2023-03-04,09:10:00,Transport,76
2023-03-04,09:10:00,AtRecreation,123
2023-03-04,09:10:00,AtRestaurant,6
2023-03-04,09:10:00,AtWork,106
2023-03-04,09:15:00,AtHome,578
2023-03-04,09:15:00,Transport,72
2023-03-04,09:15:00,AtRecreation,123
2023-03-04,09:15:00,AtRestaurant,1
2023-03-04,09:15:00,AtWork,106
2023-03-04,09:20:00,AtHome,584
2023-03-04,09:20:00,Transport,63
2023-03-04,09:20:00,AtRecreation,127
2023-03-04,09:20:00,AtRestaurant,0
2023-03-04,09:20:00,AtWork,106
2023-03-04,09:25:00,AtHome,581
2023-03-04,09:25:00,Transport,61
2023-03-04,09:25:00,AtRecreation,132
2023-03-04,09:25:00,AtRestaurant,0
2023-03-04,09:25:00,AtWork,106
2023-03-04,09:30:00,AtHome,581
2023-03-04,09:30:00,Transport,63
2023-03-04,09:30:00,AtRecreation,130
2023-03-04,09:30:00,AtRestaurant,0
2023-03-04,09:30:00,AtWork,106
2023-03-04,09:35:00,AtHome,586
2023-03-04,09:35:00,Transport,61
2023-03-04,09:35:00,AtRecreation,128
2023-03-04,09:35:00,AtRestaurant,0
2023-03-04,09:35:00,AtWork,105
2023-03-04,09:40:00,AtHome,582
2023-03-04,09:40:00,Transport,67
2023-03-04,09:40:00,AtRecreation,126
2023-03-04,09:40:00,AtRestaurant,0
2023-03-04,09:40:00,AtWork,105
2023-03-04,09:45:00,AtHome,584
2023-03-04,09:45:00,Transport,66
2023-03-04,09:45:00,AtRecreation,124
2023-03-04,09:45:00,AtRestaurant,1
2023-03-04,09:45:00,AtWork,105
2023-03-04,09:50:00,AtHome,589
2023-03-04,09:50:00,Transport,63
2023-03-04,09:50:00,AtRecreation,122
2023-03-04,09:50:00,AtRestaurant,2
2023-03-04,09:50:00,AtWork,104
2023-03-04,09:55:00,AtHome,587
2023-03-04,09:55:00,Transport,69
2023-03-04,09:55:00,AtRecreation,117
2023-03-04,09:55:00,AtRestaurant,3
2023-03-04,09:55:00,AtWork,104
2023-03-04,10:00:00,AtHome,586
2023-03-04,10:00:00,Transport,76
2023-03-04,10:00:00,AtRecreation,111
2023-03-04,10:00:00,AtRestaurant,3
2023-03-04,10:00:00,AtWork,104
2023-03-04,10:05:00,AtHome,585
2023-03-04,10:05:00,Transport,77
2023-03-04,10:05:00,AtRecreation,114
2023-03-04,10:05:00,AtRestaurant,2
2023-03-04,10:05:00,AtWork,102
2023-03-04,10:10:00,AtHome,582
2023-03-04,10:10:00,Transport,85
2023-03-04,10:10:00,AtRecreation,110
2023-03-04,10:10:00,AtRestaurant,1
2023-03-04,10:10:00,AtWork,102
2023-03-04,10:15:00,AtHome,585
2023-03-04,10:15:00,Transport,81
2023-03-04,10:15:00,AtRecreation,110
2023-03-04,10:15:00,AtRestaurant,1
2023-03-04,10:15:00,AtWork,103
2023-03-04,10:20:00,AtHome,586
2023-03-04,10:20:00,Transport,75
2023-03-04,10:20:00,AtRecreation,114
2023-03-04,10:20:00,AtRestaurant,1
2023-03-04,10:20:00,AtWork,104
2023-03-04,10:25:00,AtHome,585
2023-03-04,10:25:00,Transport,72
2023-03-04,10:25:00,AtRecreation,117
2023-03-04,10:25:00,AtRestaurant,2
2023-03-04,10:25:00,AtWork,104
2023-03-04,10:30:00,AtHome,587
2023-03-04,10:30:00,Transport,71
2023-03-04,10:30:00,AtRecreation,116
2023-03-04,10:30:00,AtRestaurant,2
2023-03-04,10:30:00,AtWork,104
2023-03-04,10:35:00,AtHome,587
2023-03-04,10:35:00,Transport,78
2023-03-04,10:35:00,AtRecreation,109
2023-03-04,10:35:00,AtRestaurant,1
2023-03-04,10:35:00,AtWork,105
2023-03-04,10:40:00,AtHome,588
2023-03-04,10:40:00,Transport,82
2023-03-04,10:40:00,AtRecreation,104
2023-03-04,10:40:00,AtRestaurant,1
2023-03-04,10:40:00,AtWork,105
2023-03-04,10:45:00,AtHome,588
2023-03-04,10:45:00,Transport,77
2023-03-04,10:45:00,AtRecreation,108
2023-03-04,10:45:00,AtRestaurant,2
2023-03-04,10:45:00,AtWork,105
2023-03-04,10:50:00,AtHome,585
2023-03-04,10:50:00,Transport,77
2023-03-04,10:50:00,AtRecreation,110
2023-03-04,10:50:00,AtRestaurant,3
2023-03-04,10:50:00,AtWork,105
2023-03-04,10:55:00,AtHome,584
2023-03-04,10:55:00,Transport,82
2023-03-04,10:55:00,AtRecreation,107
2023-03-04,10:55:00,AtRestaurant,4
2023-03-04,10:55:00,AtWork,103
2023-03-04,11:00:00,AtHome,581
2023-03-04,11:00:00,Transport,80
2023-03-04,11:00:00,AtRecreation,109
2023-03-04,11:00:00,AtRestaurant,6
2023-03-04,11:00:00,AtWork,104
2023-03-04,11:05:00,AtHome,586
2023-03-04,11:05:00,Transport,79
2023-03-04,11:05:00,AtRecreation,107
2023-03-04,11:05:00,AtRestaurant,4
2023-03-04,11:05:00,AtWork,104
2023-03-04,11:10:00,AtHome,583
2023-03-04,11:10:00,Transport,80
2023-03-04,11:10:00,AtRecreation,110
2023-03-04,11:10:00,AtRestaurant,4
2023-03-04,11:10:00,AtWork,103
2023-03-04,11:15:00,AtHome,577
2023-03-04,11:15:00,Transport,86
2023-03-04,11:15:00,AtRecreation,112
2023-03-04,11:15:00,AtRestaurant,3
2023-03-04,11:15:00,AtWork,102
2023-03-04,11:20:00,AtHome,577
2023-03-04,11:20:00,Transport,85
2023-03-04,11:20:00,AtRecreation,112
2023-03-04,11:20:00,AtRestaurant,4
2023-03-04,11:20:00,AtWork,102
2023-03-04,11:25:00,AtHome,579
2023-03-04,11:25:00,Transport,76
2023-03-04,11:25:00,AtRecreation,114
2023-03-04,11:25:00,AtRestaurant,8
2023-03-04,11:25:00,AtWork,103
2023-03-04,11:30:00,AtHome,583
2023-03-04,11:30:00,Transport,75
2023-03-04,11:30:00,AtRecreation,111
2023-03-04,11:30:00,AtRestaurant,8
2023-03-04,11:30:00,AtWork,103
2023-03-04,11:35:00,AtHome,574
2023-03-04,11:35:00,Transport,89
2023-03-04,11:35:00,AtRecreation,103
2023-03-04,11:35:00,AtRestaurant,12
2023-03-04,11:35:00,AtWork,102
2023-03-04,11:40:00,AtHome,577
2023-03-04,11:40:00,Transport,88
2023-03-04,11:40:00,AtRecreation,104
2023-03-04,11:40:00,AtRestaurant,12
2023-03-04,11:40:00,AtWork,99
2023-03-04,11:45:00,AtHome,575
2023-03-04,11:45:00,Transport,94
2023-03-04,11:45:00,AtRecreation,97
2023-03-04,11:45:00,AtRestaurant,13
2023-03-04,11:45:00,AtWork,101
2023-03-04,11:50:00,AtHome,574
2023-03-04,11:50:00,Transport,97
2023-03-04,11:50:00,AtRecreation,95
2023-03-04,11:50:00,AtRestaurant,15
2023-03-04,11:50:00,AtWork,99
2023-03-04,11:55:00,AtHome,568
2023-03-04,11:55:00,Transport,100
2023-03-04,11:55:00,AtRecreation,96
2023-03-04,11:55:00,AtRestaurant,18
2023-03-04,11:55:00,AtWork,98
2023-03-04,12:00:00,AtHome,571
2023-03-04,12:00:00,Transport,96
2023-03-04,12:00:00,AtRecreation,97
2023-03-04,12:00:00,AtRestaurant,16
2023-03-04,12:00:00,AtWork,100
2023-03-04,12:05:00,AtHome,565
2023-03-04,12:05:00,Transport,98
2023-03-04,12:05:00,AtRecreation,100
2023-03-04,12:05:00,AtRestaurant,18
2023-03-04,12:05:00,AtWork,99
2023-03-04,12:10:00,AtHome,571
2023-03-04,12:10:00,Transport,87
2023-03-04,12:10:00,AtRecreation,104
2023-03-04,12:10:00,AtRestaurant,19
2023-03-04,12:10:00,AtWork,99
2023-03-04,12:15:00,AtHome,563
2023-03-04,12:15:00,Transport,91
2023-03-04,12:15:00,AtRecreation,111
2023-03-04,12:15:00,AtRestaurant,15
2023-03-04,12:15:00,AtWork,100
2023-03-04,12:20:00,AtHome,568
2023-03-04,12:20:00,Transport,82
2023-03-04,12:20:00,AtRecreation,108
2023-03-04,12:20:00,AtRestaurant,21
2023-03-04,12:20:00,AtWork,101
2023-03-04,12:25:00,AtHome,569
2023-03-04,12:25:00,Transport,83
2023-03-04,12:25:00,AtRecreation,109
2023-03-04,12:25:00,AtRestaurant,18
2023-03-04,12:25:00,AtWork,101
2023-03-04,12:30:00,AtHome,558
2023-03-04,12:30:00,Transport,101
2023-03-04,12:30:00,AtRecreation,105
2023-03-04,12:30:00,AtRestaurant,17
2023-03-04,12:30:00,AtWork,99
2023-03-04,12:35:00,AtHome,564
2023-03-04,12:35:00,Transport,97
2023-03-04,12:35:00,AtRecreation,104
2023-03-04,12:35:00,AtRestaurant,18
2023-03-04,12:35:00,AtWork,97
2023-03-04,12:40:00,AtHome,554
2023-03-04,12:40:00,Transport,107
2023-03-04,12:40:00,AtRecreation,100
2023-03-04,12:40:00,AtRestaurant,21
2023-03-04,12:40:00,AtWork,98
2023-03-04,12:45:00,AtHome,546
2023-03-04,12:45:00,Transport,115
2023-03-04,12:45:00,AtRecreation,100
2023-03-04,12:45:00,AtRestaurant,25
2023-03-04,12:45:00,AtWork,94
2023-03-04,12:50:00,AtHome,546
2023-03-04,12:50:00,Transport,118
2023-03-04,12:50:00,AtRecreation,94
2023-03-04,12:50:00,AtRestaurant,31
2023-03-04,12:50:00,AtWork,91
2023-03-04,12:55:00,AtHome,540
2023-03-04,12:55:00,Transport,115
2023-03-04,12:55:00,AtRecreation,97
2023-03-04,12:55:00,AtRestaurant,37
2023-03-04,12:55:00,AtWork,91
2023-03-04,13:00:00,AtHome,544
2023-03-04,13:00:00,Transport,111
2023-03-04,13:00:00,AtRecreation,99
2023-03-04,13:00:00,AtRestaurant,39
2023-03-04,13:00:00,AtWork,87
2023-03-04,13:05:00,AtHome,532
2023-03-04,13:05:00,Transport,113
2023-03-04,13:05:00,AtRecreation,105
2023-03-04,13:05:00,AtRestaurant,41
2023-03-04,13:05:00,AtWork,89
2023-03-04,13:10:00,AtHome,535
2023-03-04,13:10:00,Transport,106
2023-03-04,13:10:00,AtRecreation,108
2023-03-04,13:10:00,AtRestaurant,42
2023-03-04,13:10:00,AtWork,89
2023-03-04,13:15:00,AtHome,533
2023-03-04,13:15:00,Transport,95
2023-03-04,13:15:00,AtRecreation,120
2023-03-04,13:15:00,AtRestaurant,42
2023-03-04,13:15:00,AtWork,90
2023-03-04,13:20:00,AtHome,527
2023-03-04,13:20:00,Transport,101
2023-03-04,13:20:00,AtRecreation,120
2023-03-04,13:20:00,AtRestaurant,40
2023-03-04,13:20:00,AtWork,92
2023-03-04,13:25:00,AtHome,530
2023-03-04,13:25:00,Transport,112
2023-03-04,13:25:00,AtRecreation,114
2023-03-04,13:25:00,AtRestaurant,32
2023-03-04,13:25:00,AtWork,92
2023-03-04,13:30:00,AtHome,532
2023-03-04,13:30:00,Transport,106
2023-03-04,13:30:00,AtRecreation,113
2023-03-04,13:30:00,AtRestaurant,31
2023-03-04,13:30:00,AtWork,98
2023-03-04,13:35:00,AtHome,532
2023-03-04,13:35:00,Transport,106
2023-03-04,13:35:00,AtRecreation,114
2023-03-04,13:35:00,AtRestaurant,30
2023-03-04,13:35:00,AtWork,98
2023-03-04,13:40:00,AtHome,533
2023-03-04,13:40:00,Transport,111
2023-03-04,13:40:00,AtRecreation,111
2023-03-04,13:40:00,AtRestaurant,26
2023-03-04,13:40:00,AtWork,99
2023-03-04,13:45:00,AtHome,536
2023-03-04,13:45:00,Transport,106
2023-03-04,13:45:00,AtRecreation,108
2023-03-04,13:45:00,AtRestaurant,30
2023-03-04,13:45:00,AtWork,100
2023-03-04,13:50:00,AtHome,539
2023-03-04,13:50:00,Transport,98
2023-03-04,13:50:00,AtRecreation,110
2023-03-04,13:50:00,AtRestaurant,33
2023-03-04,13:50:00,AtWork,100
2023-03-04,13:55:00,AtHome,542
2023-03-04,13:55:00,Transport,104
2023-03-04,13:55:00,AtRecreation,107
2023-03-04,13:55:00,AtRestaurant,29
2023-03-04,13:55:00,AtWork,98
2023-03-04,14:00:00,AtHome,537
2023-03-04,14:00:00,Transport,111
2023-03-04,14:00:00,AtRecreation,103
2023-03-04,14:00:00,AtRestaurant,29
2023-03-04,14:00:00,AtWork,100
2023-03-04,14:05:00,AtHome,539
2023-03-04,14:05:00,Transport,105
2023-03-04,14:05:00,AtRecreation,106
2023-03-04,14:05:00,AtRestaurant,31
2023-03-04,14:05:00,AtWork,99
2023-03-04,14:10:00,AtHome,541
2023-03-04,14:10:00,Transport,109
2023-03-04,14:10:00,AtRecreation,108
2023-03-04,14:10:00,AtRestaurant,23
2023-03-04,14:10:00,AtWork,99
2023-03-04,14:15:00,AtHome,545
2023-03-04,14:15:00,Transport,107
2023-03-04,14:15:00,AtRecreation,107
2023-03-04,14:15:00,AtRestaurant,24
2023-03-04,14:15:00,AtWork,97
2023-03-04,14:20:00,AtHome,544
2023-03-04,14:20:00,Transport,114
2023-03-04,14:20:00,AtRecreation,105
2023-03-04,14:20:00,AtRestaurant,20
2023-03-04,14:20:00,AtWork,97
2023-03-04,14:25:00,AtHome,544
2023-03-04,14:25:00,Transport,113
2023-03-04,14:25:00,AtRecreation,107
2023-03-04,14:25:00,AtRestaurant,18
2023-03-04,14:25:00,AtWork,98
2023-03-04,14:30:00,AtHome,553
2023-03-04,14:30:00,Transport,99
2023-03-04,14:30:00,AtRecreation,103
2023-03-04,14:30:00,AtRestaurant,27
2023-03-04,14:30:00,AtWork,98
2023-03-04,14:35:00,AtHome,552
2023-03-04,14:35:00,Transport,106
2023-03-04,14:35:00,AtRecreation,100
2023-03-04,14:35:00,AtRestaurant,23
2023-03-04,14:35:00,AtWork,99
2023-03-04,14:40:00,AtHome,553
2023-03-04,14:40:00,Transport,104
2023-03-04,14:40:00,AtRecreation,99
2023-03-04,14:40:00,AtRestaurant,26
2023-03-04,14:40:00,AtWork,98
2023-03-04,14:45:00,AtHome,553
2023-03-04,14:45:00,Transport,105
2023-03-04,14:45:00,AtRecreation,100
2023-03-04,14:45:00,AtRestaurant,26
2023-03-04,14:45:00,AtWork,96
2023-03-04,14:50:00,AtHome,556
2023-03-04,14:50:00,Transport,108
2023-03-04,14:50:00,AtRecreation,102
2023-03-04,14:50:00,AtRestaurant,18
2023-03-04,14:50:00,AtWork,96
2023-03-04,14:55:00,AtHome,558
2023-03-04,14:55:00,Transport,101
2023-03-04,14:55:00,AtRecreation,105
2023-03-04,14:55:00,AtRestaurant,19
2023-03-04,14:55:00,AtWork,97
2023-03-04,15:00:00,AtHome,557
2023-03-04,15:00:00,Transport,97
2023-03-04,15:00:00,AtRecreation,107
2023-03-04,15:00:00,AtRestaurant,20
2023-03-04,15:00:00,AtWork,99
2023-03-04,15:05:00,AtHome,557
2023-03-04,15:05:00,Transport,107
2023-03-04,15:05:00,AtRecreation,103
2023-03-04,15:05:00,AtRestaurant,18
2023-03-04,15:05:00,AtWork,95
2023-03-04,15:10:00,AtHome,560
2023-03-04,15:10:00,Transport,110
2023-03-04,15:10:00,AtRecreation,100
2023-03-04,15:10:00,AtRestaurant,16
2023-03-04,15:10:00,AtWork,94
2023-03-04,15:15:00,AtHome,559
2023-03-04,15:15:00,Transport,101
2023-03-04,15:15:00,AtRecreation,107
2023-03-04,15:15:00,AtRestaurant,20
2023-03-04,15:15:00,AtWork,93
2023-03-04,15:20:00,AtHome,561
2023-03-04,15:20:00,Transport,101
2023-03-04,15:20:00,AtRecreation,105
2023-03-04,15:20:00,AtRestaurant,19
2023-03-04,15:20:00,AtWork,94
2023-03-04,15:25:00,AtHome,570
2023-03-04,15:25:00,Transport,93
2023-03-04,15:25:00,AtRecreation,106
2023-03-04,15:25:00,AtRestaurant,18
2023-03-04,15:25:00,AtWork,93
2023-03-04,15:30:00,AtHome,565
2023-03-04,15:30:00,Transport,97
2023-03-04,15:30:00,AtRecreation,108
2023-03-04,15:30:00,AtRestaurant,18
2023-03-04,15:30:00,AtWork,92
2023-03-04,15:35:00,AtHome,571
2023-03-04,15:35:00,Transport,104
2023-03-04,15:35:00,AtRecreation,102
2023-03-04,15:35:00,AtRestaurant,15
2023-03-04,15:35:00,AtWork,88
2023-03-04,15:40:00,AtHome,571
2023-03-04,15:40:00,Transport,102
2023-03-04,15:40:00,AtRecreation,104
2023-03-04,15:40:00,AtRestaurant,15
2023-03-04,15:40:00,AtWork,88
2023-03-04,15:45:00,AtHome,567
2023-03-04,15:45:00,Transport,106
2023-03-04,15:45:00,AtRecreation,102
2023-03-04,15:45:00,AtRestaurant,17
2023-03-04,15:45:00,AtWork,88
2023-03-04,15:50:00,AtHome,569
2023-03-04,15:50:00,Transport,106
2023-03-04,15:50:00,AtRecreation,105
2023-03-04,15:50:00,AtRestaurant,16
2023-03-04,15:50:00,AtWork,84
2023-03-04,15:55:00,AtHome,575
2023-03-04,15:55:00,Transport,96
2023-03-04,15:55:00,AtRecreation,104
2023-03-04,15:55:00,AtRestaurant,24
2023-03-04,15:55:00,AtWork,81
2023-03-04,16:00:00,AtHome,575
2023-03-04,16:00:00,Transport,99
2023-03-04,16:00:00,AtRecreation,106
2023-03-04,16:00:00,AtRestaurant,22
2023-03-04,16:00:00,AtWork,78
2023-03-04,16:05:00,AtHome,572
2023-03-04,16:05:00,Transport,109
2023-03-04,16:05:00,AtRecreation,106
2023-03-04,16:05:00,AtRestaurant,20
2023-03-04,16:05:00,AtWork,73
2023-03-04,16:10:00,AtHome,572
2023-03-04,16:10:00,Transport,103
2023-03-04,16:10:00,AtRecreation,111
2023-03-04,16:10:00,AtRestaurant,23
2023-03-04,16:10:00,AtWork,71
2023-03-04,16:15:00,AtHome,568
2023-03-04,16:15:00,Transport,122
2023-03-04,16:15:00,AtRecreation,111
2023-03-04,16:15:00,AtRestaurant,14
2023-03-04,16:15:00,AtWork,65
2023-03-04,16:20:00,AtHome,576
2023-03-04,16:20:00,Transport,115
2023-03-04,16:20:00,AtRecreation,113
2023-03-04,16:20:00,AtRestaurant,13
2023-03-04,16:20:00,AtWork,63
2023-03-04,16:25:00,AtHome,578
2023-03-04,16:25:00,Transport,117
2023-03-04,16:25:00,AtRecreation,110
2023-03-04,16:25:00,AtRestaurant,14
2023-03-04,16:25:00,AtWork,61
2023-03-04,16:30:00,AtHome,580
2023-03-04,16:30:00,Transport,122
2023-03-04,16:30:00,AtRecreation,111
2023-03-04,16:30:00,AtRestaurant,12
2023-03-04,16:30:00,AtWork,55
2023-03-04,16:35:00,AtHome,586
2023-03-04,16:35:00,Transport,124
2023-03-04,16:35:00,AtRecreation,106
2023-03-04,16:35:00,AtRestaurant,16
2023-03-04,16:35:00,AtWork,48
2023-03-04,16:40:00,AtHome,593
2023-03-04,16:40:00,Transport,116
2023-03-04,16:40:00,AtRecreation,107
2023-03-04,16:40:00,AtRestaurant,17
2023-03-04,16:40:00,AtWork,47
2023-03-04,16:45:00,AtHome,593
2023-03-04,16:45:00,Transport,130
2023-03-04,16:45:00,AtRecreation,99
2023-03-04,16:45:00,AtRestaurant,16
2023-03-04,16:45:00,AtWork,42
2023-03-04,16:50:00,AtHome,598
2023-03-04,16:50:00,Transport,128
2023-03-04,16:50:00,AtRecreation,100
2023-03-04,16:50:00,AtRestaurant,15
2023-03-04,16:50:00,AtWork,39
2023-03-04,16:55:00,AtHome,596
2023-03-04,16:55:00,Transport,142
2023-03-04,16:55:00,AtRecreation,99
2023-03-04,16:55:00,AtRestaurant,13
2023-03-04,16:55:00,AtWork,30
2023-03-04,17:00:00,AtHome,602
2023-03-04,17:00:00,Transport,135
2023-03-04,17:00:00,AtRecreation,105
2023-03-04,17:00:00,AtRestaurant,13
2023-03-04,17:00:00,AtWork,25
2023-03-04,17:05:00,AtHome,601
2023-03-04,17:05:00,Transport,144
2023-03-04,17:05:00,AtRecreation,103
2023-03-04,17:05:00,AtRestaurant,12
2023-03-04,17:05:00,AtWork,20
2023-03-04,17:10:00,AtHome,603
2023-03-04,17:10:00,Transport,137
2023-03-04,17:10:00,AtRecreation,105
2023-03-04,17:10:00,AtRestaurant,16
2023-03-04,17:10:00,AtWork,19
2023-03-04,17:15:00,AtHome,605
2023-03-04,17:15:00,Transport,135
2023-03-04,17:15:00,AtRecreation,111
2023-03-04,17:15:00,AtRestaurant,14
2023-03-04,17:15:00,AtWork,15
2023-03-04,17:20:00,AtHome,601
2023-03-04,17:20:00,Transport,145
2023-03-04,17:20:00,AtRecreation,107
2023-03-04,17:20:00,AtRestaurant,14
2023-03-04,17:20:00,AtWork,13
2023-03-04,17:25:00,AtHome,611
2023-03-04,17:25:00,Transport,133
2023-03-04,17:25:00,AtRecreation,109
2023-03-04,17:25:00,AtRestaurant,19
2023-03-04,17:25:00,AtWork,8
2023-03-04,17:30:00,AtHome,602
2023-03-04,17:30:00,Transport,141
2023-03-04,17:30:00,AtRecreation,111
2023-03-04,17:30:00,AtRestaurant,21
2023-03-04,17:30:00,AtWork,5
2023-03-04,17:35:00,AtHome,609
2023-03-04,17:35:00,Transport,128
2023-03-04,17:35:00,AtRecreation,112
2023-03-04,17:35:00,AtRestaurant,26
2023-03-04,17:35:00,AtWork,5
2023-03-04,17:40:00,AtHome,610
2023-03-04,17:40:00,Transport,129
2023-03-04,17:40:00,AtRecreation,113
2023-03-04,17:40:00,AtRestaurant,26
2023-03-04,17:40:00,AtWork,2
2023-03-04,17:45:00,AtHome,616
2023-03-04,17:45:00,Transport,124
2023-03-04,17:45:00,AtRecreation,113
2023-03-04,17:45:00,AtRestaurant,26
2023-03-04,17:45:00,AtWork,1
2023-03-04,17:50:00,AtHome,622
2023-03-04,17:50:00,Transport,122
2023-03-04,17:50:00,AtRecreation,114
2023-03-04,17:50:00,AtRestaurant,22
2023-03-04,17:50:00,AtWork,0
2023-03-04,17:55:00,AtHome,624
2023-03-04,17:55:00,Transport,118
2023-03-04,17:55:00,AtRecreation,118
2023-03-04,17:55:00,AtRestaurant,20
2023-03-04,17:55:00,AtWork,0
2023-03-04,18:00:00,AtHome,623
2023-03-04,18:00:00,Transport,116
2023-03-04,18:00:00,AtRecreation,119
2023-03-04,18:00:00,AtRestaurant,22
2023-03-04,18:00:00,AtWork,0
2023-03-04,18:05:00,AtHome,624
2023-03-04,18:05:00,Transport,119
2023-03-04,18:05:00,AtRecreation,119
2023-03-04,18:05:00,AtRestaurant,18
2023-03-04,18:05:00,AtWork,0
2023-03-04,18:10:00,AtHome,622
2023-03-04,18:10:00,Transport,123
2023-03-04,18:10:00,AtRecreation,120
2023-03-04,18:10:00,AtRestaurant,15
2023-03-04,18:10:00,AtWork,0
2023-03-04,18:15:00,AtHome,629
2023-03-04,18:15:00,Transport,115
2023-03-04,18:15:00,AtRecreation,120
2023-03-04,18:15:00,AtRestaurant,16
2023-03-04,18:15:00,AtWork,0
2023-03-04,18:20:00,AtHome,633
2023-03-04,18:20:00,Transport,109
2023-03-04,18:20:00,AtRecreation,123
2023-03-04,18:20:00,AtRestaurant,15
2023-03-04,18:20:00,AtWork,0
2023-03-04,18:25:00,AtHome,637
2023-03-04,18:25:00,Transport,99
2023-03-04,18:25:00,AtRecreation,124
2023-03-04,18:25:00,AtRestaurant,20
2023-03-04,18:25:00,AtWork,0
2023-03-04,18:30:00,AtHome,635
2023-03-04,18:30:00,Transport,103
2023-03-04,18:30:00,AtRecreation,122
2023-03-04,18:30:00,AtRestaurant,20
2023-03-04,18:30:00,AtWork,0
2023-03-04,18:35:00,AtHome,640
2023-03-04,18:35:00,Transport,98
2023-03-04,18:35:00,AtRecreation,125
2023-03-04,18:35:00,AtRestaurant,17
2023-03-04,18:35:00,AtWork,0
2023-03-04,18:40:00,AtHome,645
2023-03-04,18:40:00,Transport,94
2023-03-04,18:40:00,AtRecreation,123
2023-03-04,18:40:00,AtRestaurant,18
2023-03-04,18:40:00,AtWork,0
2023-03-04,18:45:00,AtHome,644
2023-03-04,18:45:00,Transport,95
2023-03-04,18:45:00,AtRecreation,127
2023-03-04,18:45:00,AtRestaurant,14
2023-03-04,18:45:00,AtWork,0
2023-03-04,18:50:00,AtHome,644
2023-03-04,18:50:00,Transport,93
2023-03-04,18:50:00,AtRecreation,126
2023-03-04,18:50:00,AtRestaurant,17
2023-03-04,18:50:00,AtWork,0
2023-03-04,18:55:00,AtHome,636
2023-03-04,18:55:00,Transport,101
2023-03-04,18:55:00,AtRecreation,124
2023-03-04,18:55:00,AtRestaurant,19
2023-03-04,18:55:00,AtWork,0
2023-03-04,19:00:00,AtHome,636
2023-03-04,19:00:00,Transport,105
2023-03-04,19:00:00,AtRecreation,122
2023-03-04,19:00:00,AtRestaurant,17
2023-03-04,19:00:00,AtWork,0
2023-03-04,19:05:00,AtHome,629
2023-03-04,19:05:00,Transport,111
2023-03-04,19:05:00,AtRecreation,121
2023-03-04,19:05:00,AtRestaurant,19
2023-03-04,19:05:00,AtWork,0
2023-03-04,19:10:00,AtHome,635
2023-03-04,19:10:00,Transport,104
2023-03-04,19:10:00,AtRecreation,119
2023-03-04,19:10:00,AtRestaurant,22
2023-03-04,19:10:00,AtWork,0
2023-03-04,19:15:00,AtHome,638
2023-03-04,19:15:00,Transport,102
2023-03-04,19:15:00,AtRecreation,120
2023-03-04,19:15:00,AtRestaurant,20
2023-03-04,19:15:00,AtWork,0
2023-03-04,19:20:00,AtHome,644
2023-03-04,19:20:00,Transport,100
2023-03-04,19:20:00,AtRecreation,114
2023-03-04,19:20:00,AtRestaurant,22
2023-03-04,19:20:00,AtWork,0
2023-03-04,19:25:00,AtHome,651
2023-03-04,19:25:00,Transport,102
2023-03-04,19:25:00,AtRecreation,109
2023-03-04,19:25:00,AtRestaurant,18
2023-03-04,19:25:00,AtWork,0
2023-03-04,19:30:00,AtHome,653
2023-03-04,19:30:00,Transport,104
2023-03-04,19:30:00,AtRecreation,107
2023-03-04,19:30:00,AtRestaurant,16
2023-03-04,19:30:00,AtWork,0
2023-03-04,19:35:00,AtHome,657
2023-03-04,19:35:00,Transport,99
2023-03-04,19:35:00,AtRecreation,107
2023-03-04,19:35:00,AtRestaurant,17
2023-03-04,19:35:00,AtWork,0
2023-03-04,19:40:00,AtHome,667
2023-03-04,19:40:00,Transport,97
2023-03-04,19:40:00,AtRecreation,102
2023-03-04,19:40:00,AtRestaurant,14
2023-03-04,19:40:00,AtWork,0
2023-03-04,19:45:00,AtHome,670
2023-03-04,19:45:00,Transport,105
2023-03-04,19:45:00,AtRecreation,92
2023-03-04,19:45:00,AtRestaurant,13
2023-03-04,19:45:00,AtWork,0
2023-03-04,19:50:00,AtHome,672
2023-03-04,19:50:00,Transport,98
2023-03-04,19:50:00,AtRecreation,99
2023-03-04,19:50:00,AtRestaurant,11
2023-03-04,19:50:00,AtWork,0
2023-03-04,19:55:00,AtHome,677
2023-03-04,19:55:00,Transport,90
2023-03-04,19:55:00,AtRecreation,103
2023-03-04,19:55:00,AtRestaurant,10
2023-03-04,19:55:00,AtWork,0
2023-03-04,20:00:00,AtHome,678
2023-03-04,20:00:00,Transport,93
2023-03-04,20:00:00,AtRecreation,100
2023-03-04,20:00:00,AtRestaurant,9
2023-03-04,20:00:00,AtWork,0
2023-03-04,20:05:00,AtHome,678
2023-03-04,20:05:00,Transport,95
2023-03-04,20:05:00,AtRecreation,99
2023-03-04,20:05:00,AtRestaurant,8
2023-03-04,20:05:00,AtWork,0
2023-03-04,20:10:00,AtHome,681
2023-03-04,20:10:00,Transport,95
2023-03-04,20:10:00,AtRecreation,97
2023-03-04,20:10:00,AtRestaurant,7
2023-03-04,20:10:00,AtWork,0
2023-03-04,20:15:00,AtHome,675
2023-03-04,20:15:00,Transport,105
2023-03-04,20:15:00,AtRecreation,94
2023-03-04,20:15:00,AtRestaurant,6
2023-03-04,20:15:00,AtWork,0
2023-03-04,20:20:00,AtHome,674
2023-03-04,20:20:00,Transport,105
2023-03-04,20:20:00,AtRecreation,95
2023-03-04,20:20:00,AtRestaurant,6
2023-03-04,20:20:00,AtWork,0
2023-03-04,20:25:00,AtHome,678
2023-03-04,20:25:00,Transport,96
2023-03-04,20:25:00,AtRecreation,96
2023-03-04,20:25:00,AtRestaurant,10
2023-03-04,20:25:00,AtWork,0
2023-03-04,20:30:00,AtHome,679
2023-03-04,20:30:00,Transport,88
2023-03-04,20:30:00,AtRecreation,101
2023-03-04,20:30:00,AtRestaurant,12
2023-03-04,20:30:00,AtWork,0
2023-03-04,20:35:00,AtHome,684
2023-03-04,20:35:00,Transport,87
2023-03-04,20:35:00,AtRecreation,100
2023-03-04,20:35:00,AtRestaurant,9
2023-03-04,20:35:00,AtWork,0
2023-03-04,20:40:00,AtHome,678
2023-03-04,20:40:00,Transport,90
2023-03-04,20:40:00,AtRecreation,101
2023-03-04,20:40:00,AtRestaurant,11
2023-03-04,20:40:00,AtWork,0
2023-03-04,20:45:00,AtHome,684
2023-03-04,20:45:00,Transport,85
2023-03-04,20:45:00,AtRecreation,100
2023-03-04,20:45:00,AtRestaurant,11
2023-03-04,20:45:00,AtWork,0
2023-03-04,20:50:00,AtHome,680
2023-03-04,20:50:00,Transport,93
2023-03-04,20:50:00,AtRecreation,98
2023-03-04,20:50:00,AtRestaurant,9
2023-03-04,20:50:00,AtWork,0
2023-03-04,20:55:00,AtHome,686
2023-03-04,20:55:00,Transport,86
2023-03-04,20:55:00,AtRecreation,98
2023-03-04,20:55:00,AtRestaurant,10
2023-03-04,20:55:00,AtWork,0
2023-03-04,21:00:00,AtHome,691
2023-03-04,21:00:00,Transport,90
2023-03-04,21:00:00,AtRecreation,92
2023-03-04,21:00:00,AtRestaurant,7
2023-03-04,21:00:00,AtWork,0
2023-03-04,21:05:00,AtHome,688
2023-03-04,21:05:00,Transport,97
2023-03-04,21:05:00,AtRecreation,90
2023-03-04,21:05:00,AtRestaurant,5
2023-03-04,21:05:00,AtWork,0
2023-03-04,21:10:00,AtHome,689
2023-03-04,21:10:00,Transport,90
2023-03-04,21:10:00,AtRecreation,95
2023-03-04,21:10:00,AtRestaurant,6
2023-03-04,21:10:00,AtWork,0
2023-03-04,21:15:00,AtHome,693
2023-03-04,21:15:00,Transport,81
2023-03-04,21:15:00,AtRecreation,98
2023-03-04,21:15:00,AtRestaurant,8
2023-03-04,21:15:00,AtWork,0
2023-03-04,21:20:00,AtHome,699
2023-03-04,21:20:00,Transport,69
2023-03-04,21:20:00,AtRecreation,102
2023-03-04,21:20:00,AtRestaurant,10
2023-03-04,21:20:00,AtWork,0
2023-03-04,21:25:00,AtHome,696
2023-03-04,21:25:00,Transport,68
2023-03-04,21:25:00,AtRecreation,106
2023-03-04,21:25:00,AtRestaurant,10
2023-03-04,21:25:00,AtWork,0
2023-03-04,21:30:00,AtHome,699
2023-03-04,21:30:00,Transport,69
2023-03-04,21:30:00,AtRecreation,103
2023-03-04,21:30:00,AtRestaurant,9
2023-03-04,21:30:00,AtWork,0
2023-03-04,21:35:00,AtHome,701
2023-03-04,21:35:00,Transport,69
2023-03-04,21:35:00,AtRecreation,103
2023-03-04,21:35:00,AtRestaurant,7
2023-03-04,21:35:00,AtWork,0
2023-03-04,21:40:00,AtHome,699
2023-03-04,21:40:00,Transport,77
2023-03-04,21:40:00,AtRecreation,98
2023-03-04,21:40:00,AtRestaurant,6
2023-03-04,21:40:00,AtWork,0
2023-03-04,21:45:00,AtHome,700
2023-03-04,21:45:00,Transport,76
2023-03-04,21:45:00,AtRecreation,97
2023-03-04,21:45:00,AtRestaurant,7
2023-03-04,21:45:00,AtWork,0
2023-03-04,21:50:00,AtHome,705
2023-03-04,21:50:00,Transport,66
2023-03-04,21:50:00,AtRecreation,103
2023-03-04,21:50:00,AtRestaurant,6
2023-03-04,21:50:00,AtWork,0
2023-03-04,21:55:00,AtHome,713
2023-03-04,21:55:00,Transport,60
2023-03-04,21:55:00,AtRecreation,100
2023-03-04,21:55:00,AtRestaurant,7
2023-03-04,21:55:00,AtWork,0
2023-03-04,22:00:00,AtHome,713
2023-03-04,22:00:00,Transport,68
2023-03-04,22:00:00,AtRecreation,91
2023-03-04,22:00:00,AtRestaurant,8
2023-03-04,22:00:00,AtWork,0
2023-03-04,22:05:00,AtHome,716
2023-03-04,22:05:00,Transport,71
2023-03-04,22:05:00,AtRecreation,88
2023-03-04,22:05:00,AtRestaurant,5
2023-03-04,22:05:00,AtWork,0
2023-03-04,22:10:00,AtHome,715
2023-03-04,22:10:00,Transport,81
2023-03-04,22:10:00,AtRecreation,79
2023-03-04,22:10:00,AtRestaurant,5
2023-03-04,22:10:00,AtWork,0
2023-03-04,22:15:00,AtHome,718
2023-03-04,22:15:00,Transport,80
2023-03-04,22:15:00,AtRecreation,76
2023-03-04,22:15:00,AtRestaurant,6
2023-03-04,22:15:00,AtWork,0
2023-03-04,22:20:00,AtHome,726
2023-03-04,22:20:00,Transport,79
2023-03-04,22:20:00,AtRecreation,72
2023-03-04,22:20:00,AtRestaurant,3
2023-03-04,22:20:00,AtWork,0
2023-03-04,22:25:00,AtHome,725
2023-03-04,22:25:00,Transport,84
2023-03-04,22:25:00,AtRecreation,67
2023-03-04,22:25:00,AtRestaurant,4
2023-03-04,22:25:00,AtWork,0
2023-03-04,22:30:00,AtHome,728
2023-03-04,22:30:00,Transport,84
2023-03-04,22:30:00,AtRecreation,64
2023-03-04,22:30:00,AtRestaurant,4
2023-03-04,22:30:00,AtWork,0
2023-03-04,22:35:00,AtHome,731
2023-03-04,22:35:00,Transport,83
2023-03-04,22:35:00,AtRecreation,60
2023-03-04,22:35:00,AtRestaurant,6
2023-03-04,22:35:00,AtWork,0
2023-03-04,22:40:00,AtHome,733
2023-03-04,22:40:00,Transport,80
2023-03-04,22:40:00,AtRecreation,59
2023-03-04,22:40:00,AtRestaurant,8
2023-03-04,22:40:00,AtWork,0
2023-03-04,22:45:00,AtHome,742
2023-03-04,22:45:00,Transport,75
2023-03-04,22:45:00,AtRecreation,56
2023-03-04,22:45:00,AtRestaurant,7
2023-03-04,22:45:00,AtWork,0
2023-03-04,22:50:00,AtHome,749
2023-03-04,22:50:00,Transport,70
2023-03-04,22:50:00,AtRecreation,55
2023-03-04,22:50:00,AtRestaurant,6
2023-03-04,22:50:00,AtWork,0
2023-03-04,22:55:00,AtHome,751
2023-03-04,22:55:00,Transport,71
2023-03-04,22:55:00,AtRecreation,54
2023-03-04,22:55:00,AtRestaurant,4
2023-03-04,22:55:00,AtWork,0
2023-03-04,23:00:00,AtHome,754
2023-03-04,23:00:00,Transport,72
2023-03-04,23:00:00,AtRecreation,52
2023-03-04,23:00:00,AtRestaurant,2
2023-03-04,23:00:00,AtWork,0
2023-03-04,23:05:00,AtHome,758
2023-03-04,23:05:00,Transport,66
2023-03-04,23:05:00,AtRecreation,52
2023-03-04,23:05:00,AtRestaurant,4
2023-03-04,23:05:00,AtWork,0
2023-03-04,23:10:00,AtHome,766
2023-03-04,23:10:00,Transport,59
2023-03-04,23:10:00,AtRecreation,52
2023-03-04,23:10:00,AtRestaurant,3
2023-03-04,23:10:00,AtWork,0
2023-03-04,23:15:00,AtHome,769
2023-03-04,23:15:00,Transport,62
2023-03-04,23:15:00,AtRecreation,46
2023-03-04,23:15:00,AtRestaurant,3
2023-03-04,23:15:00,AtWork,0
2023-03-04,23:20:00,AtHome,777
2023-03-04,23:20:00,Transport,59
2023-03-04,23:20:00,AtRecreation,42
2023-03-04,23:20:00,AtRestaurant,2
2023-03-04,23:20:00,AtWork,0
2023-03-04,23:25:00,AtHome,776
2023-03-04,23:25:00,Transport,62
2023-03-04,23:25:00,AtRecreation,39
2023-03-04,23:25:00,AtRestaurant,3
2023-03-04,23:25:00,AtWork,0
2023-03-04,23:30:00,AtHome,776
2023-03-04,23:30:00,Transport,59
2023-03-04,23:30:00,AtRecreation,38
2023-03-04,23:30:00,AtRestaurant,7
2023-03-04,23:30:00,AtWork,0
2023-03-04,23:35:00,AtHome,783
2023-03-04,23:35:00,Transport,52
2023-03-04,23:35:00,AtRecreation,37
2023-03-04,23:35:00,AtRestaurant,8
2023-03-04,23:35:00,AtWork,0
2023-03-04,23:40:00,AtHome,783
2023-03-04,23:40:00,Transport,59
2023-03-04,23:40:00,AtRecreation,32
2023-03-04,23:40:00,AtRestaurant,6
2023-03-04,23:40:00,AtWork,0
2023-03-04,23:45:00,AtHome,785
2023-03-04,23:45:00,Transport,57
2023-03-04,23:45:00,AtRecreation,32
2023-03-04,23:45:00,AtRestaurant,6
2023-03-04,23:45:00,AtWork,0
2023-03-04,23:50:00,AtHome,790
2023-03-04,23:50:00,Transport,63
2023-03-04,23:50:00,AtRecreation,26
2023-03-04,23:50:00,AtRestaurant,1
2023-03-04,23:50:00,AtWork,0
2023-03-04,23:55:00,AtHome,796
2023-03-04,23:55:00,Transport,59
2023-03-04,23:55:00,AtRecreation,24
2023-03-04,23:55:00,AtRestaurant,1
2023-03-04,23:55:00,AtWork,0
